22/01/2020	china	526	28	7	8826	1386	150,7	0,939	10,43	60,74	42	23	37,1	30
23/01/2020	china	623	30	8	8826	1386	150,7	0,939	10,43	60,74	42	24	37,1	36
24/01/2020	china	882	36	7	8826	1386	150,7	0,939	10,43	60,74	42	25	37,1	39
25/01/2020	china	1323	39	6	8826	1386	150,7	0,939	10,43	60,74	42	26	37,1	49
26/01/2020	china	1988	49	4	8826	1386	150,7	0,939	10,43	60,74	42	27	37,1	58
27/01/2020	china	2775	58	5	8826	1386	150,7	0,939	10,43	60,74	42	28	37,1	101
28/01/2020	china	4528	101	8	8826	1386	150,7	0,939	10,43	60,74	42	29	37,1	120
29/01/2020	china	5994	120	12	8826	1386	150,7	0,939	10,43	60,74	42	30	37,1	135
30/01/2020	china	7734	135	14	8826	1386	150,7	0,939	10,43	60,74	42	31	37,1	214
31/01/2020	china	9714	214	14	8826	1386	150,7	0,939	10,43	60,74	42	32	37,1	275
01/02/2020	china	11809	275	14	8826	1386	150,7	0,939	10,43	60,74	42	33	37,1	463
02/02/2020	china	14399	463	12	8826	1386	150,7	0,939	10,43	60,74	42	34	37,1	614
03/02/2020	china	17211	614	14	8826	1386	150,7	0,939	10,43	60,74	42	35	37,1	843
04/02/2020	china	20448	843	16	8826	1386	150,7	0,939	10,43	60,74	42	36	37,1	1115
05/02/2020	china	24320	1115	15	8826	1386	150,7	0,939	10,43	60,74	42	37	37,1	1477
06/02/2020	china	28047	1477	7	8826	1386	150,7	0,939	10,43	60,74	42	38	37,1	1999
07/02/2020	china	31207	1999	6	8826	1386	150,7	0,939	10,43	60,74	42	39	37,1	2596
08/02/2020	china	34625	2596	9	8826	1386	150,7	0,939	10,43	60,74	42	40	37,1	3219
09/02/2020	china	37232	3219	13	8826	1386	150,7	0,939	10,43	60,74	42	41	37,1	3918
10/02/2020	china	40206	3918	11	8826	1386	150,7	0,939	10,43	60,74	42	42	37,1	4636
11/02/2020	china	42696	4636	12	8826	1386	150,7	0,939	10,43	60,74	42	43	37,1	5082
12/02/2020	china	44724	5082	14	8826	1386	150,7	0,939	10,43	60,74	42	44	37,1	6217
13/02/2020	china	59865	6217	19	8826	1386	150,7	0,939	10,43	60,74	42	45	37,1	7977
14/02/2020	china	64021	7977	17	8826	1386	150,7	0,939	10,43	60,74	42	46	37,1	9298
15/02/2020	china	66559	9298	8	8826	1386	150,7	0,939	10,43	60,74	42	47	37,1	10755
16/02/2020	china	68566	10755	8	8826	1386	150,7	0,939	10,43	60,74	42	48	37,1	12462
17/02/2020	china	70618	12462	13	8826	1386	150,7	0,939	10,43	60,74	42	49	37,1	14206
18/02/2020	china	72508	14206	14	8826	1386	150,7	0,939	10,43	60,74	42	50	37,1	15962
19/02/2020	china	74258	15962	15	8826	1386	150,7	0,939	10,43	60,74	42	51	37,1	18014
20/02/2020	china	74652	18014	18	8826	1386	150,7	0,939	10,43	60,74	42	52	37,1	18704
21/02/2020	china	75543	18704	16	8826	1386	150,7	0,939	10,43	60,74	42	53	37,1	22699
22/02/2020	china	76369	22699	18	8826	1386	150,7	0,939	10,43	60,74	42	54	37,1	23187
23/02/2020	china	77016	23187	20	8826	1386	150,7	0,939	10,43	60,74	42	55	37,1	25015
24/02/2020	china	77234	25015	25	8826	1386	150,7	0,939	10,43	60,74	42	56	37,1	27676
25/02/2020	china	77749	27676	23	8826	1386	150,7	0,939	10,43	60,74	42	57	37,1	30084
26/02/2020	china	78159	30084	14	8826	1386	150,7	0,939	10,43	60,74	42	58	37,1	32930
27/02/2020	china	78598	32930	11	8826	1386	150,7	0,939	10,43	60,74	42	59	37,1	36329
28/02/2020	china	78927	36329	7	8826	1386	150,7	0,939	10,43	60,74	42	60	37,1	39320
29/02/2020	china	79355	39320	13	8826	1386	150,7	0,939	10,43	60,74	42	61	37,1	42162
01/03/2020	china	79929	42162	14	8826	1386	150,7	0,939	10,43	60,74	42	62	37,1	44854
02/03/2020	china	80134	44854	11	8826	1386	150,7	0,939	10,43	60,74	42	63	37,1	47450
03/03/2020	china	80261	47450	9	8826	1386	150,7	0,939	10,43	60,74	42	64	37,1	50001
04/03/2020	china	80380	50001	15	8826	1386	150,7	0,939	10,43	60,74	42	65	37,1	52292
05/03/2020	china	80497	52292	15	8826	1386	150,7	0,939	10,43	60,74	42	66	37,1	53944
06/03/2020	china	80667	53944	14	8826	1386	150,7	0,939	10,43	60,74	42	67	37,1	55539
07/03/2020	china	80768	55539	20	8826	1386	150,7	0,939	10,43	60,74	42	68	37,1	57388
08/03/2020	china	80814	57388	19	8826	1386	150,7	0,939	10,43	60,74	42	69	37,1	58804
09/03/2020	china	80859	58804	14	8826	1386	150,7	0,939	10,43	60,74	42	70	37,1	60181
10/03/2020	china	80879	60181	18	8826	1386	150,7	0,939	10,43	60,74	42	71	37,1	61644
11/03/2020	china	80908	61644	19	8826	1386	150,7	0,939	10,43	60,74	42	72	37,1	62901
12/03/2020	china	80932	62901	17	8826	1386	150,7	0,939	10,43	60,74	42	73	37,1	64196
13/03/2020	china	80954	64196	18	8826	1386	150,7	0,939	10,43	60,74	42	74	37,1	65660
14/03/2020	china	80973	65660	18	8826	1386	150,7	0,939	10,43	60,74	42	75	37,1	67017
15/03/2020	china	80995	67017	18	8826	1386	150,7	0,939	10,43	60,74	42	76	37,1	67910
16/03/2020	china	81020	67910	18	8826	1386	150,7	0,939	10,43	60,74	42	77	37,1	68798
17/03/2020	china	81130	68798	18	8826	1386	150,7	0,939	10,43	60,74	42	78	37,1	69755
18/03/2020	china	81163	69755	18	8826	1386	150,7	0,939	10,43	60,74	42	79	37,1	70535
19/03/2020	china	81238	70535	18	8826	1386	150,7	0,939	10,43	60,74	42	80	37,1	71266
22/01/2020	South corea	1	0	1,5	29742	51,47	526,2	0,906	12,28	13,336	115	3	41,2	0
23/01/2020	South corea	1	0	1,5	29742	51,47	526,2	0,906	12,28	13,336	115	4	41,2	0
24/01/2020	South corea	2	0	1,5	29742	51,47	526,2	0,906	12,28	13,336	115	5	41,2	0
25/01/2020	South corea	2	0	1,5	29742	51,47	526,2	0,906	12,28	13,336	115	6	41,2	0
26/01/2020	South corea	3	0	1,5	29742	51,47	526,2	0,906	12,28	13,336	115	7	41,2	0
27/01/2020	South corea	4	0	1,5	29742	51,47	526,2	0,906	12,28	13,336	115	8	41,2	0
28/01/2020	South corea	4	0	1,5	29742	51,47	526,2	0,906	12,28	13,336	115	9	41,2	0
29/01/2020	South corea	4	0	1,5	29742	51,47	526,2	0,906	12,28	13,336	115	10	41,2	0
30/01/2020	South corea	4	0	1,5	29742	51,47	526,2	0,906	12,28	13,336	115	11	41,2	0
31/01/2020	South corea	7	0	1,5	29742	51,47	526,2	0,906	12,28	13,336	115	12	41,2	0
01/02/2020	South corea	12	0	4,7	29742	51,47	526,2	0,906	12,28	13,336	115	13	41,2	0
02/02/2020	South corea	15	0	4,7	29742	51,47	526,2	0,906	12,28	13,336	115	14	41,2	0
03/02/2020	South corea	15	0	4,7	29742	51,47	526,2	0,906	12,28	13,336	115	15	41,2	0
04/02/2020	South corea	16	0	4,7	29742	51,47	526,2	0,906	12,28	13,336	115	16	41,2	0
05/02/2020	South corea	18	0	4,7	29742	51,47	526,2	0,906	12,28	13,336	115	17	41,2	0
06/02/2020	South corea	23	0	4,7	29742	51,47	526,2	0,906	12,28	13,336	115	18	41,2	1
07/02/2020	South corea	24	1	4,7	29742	51,47	526,2	0,906	12,28	13,336	115	19	41,2	1
08/02/2020	South corea	24	1	4,7	29742	51,47	526,2	0,906	12,28	13,336	115	20	41,2	3
09/02/2020	South corea	25	3	4,7	29742	51,47	526,2	0,906	12,28	13,336	115	21	41,2	3
10/02/2020	South corea	27	3	4,7	29742	51,47	526,2	0,906	12,28	13,336	115	22	41,2	3
11/02/2020	South corea	28	3	4,7	29742	51,47	526,2	0,906	12,28	13,336	115	23	41,2	7
12/02/2020	South corea	28	7	4,7	29742	51,47	526,2	0,906	12,28	13,336	115	24	41,2	7
13/02/2020	South corea	28	7	4,7	29742	51,47	526,2	0,906	12,28	13,336	115	25	41,2	7
14/02/2020	South corea	28	7	4,7	29742	51,47	526,2	0,906	12,28	13,336	115	26	41,2	9
15/02/2020	South corea	28	9	4,7	29742	51,47	526,2	0,906	12,28	13,336	115	27	41,2	9
16/02/2020	South corea	29	9	4,7	29742	51,47	526,2	0,906	12,28	13,336	115	28	41,2	10
17/02/2020	South corea	30	10	4,7	29742	51,47	526,2	0,906	12,28	13,336	115	29	41,2	12
18/02/2020	South corea	31	12	4,7	29742	51,47	526,2	0,906	12,28	13,336	115	30	41,2	12
19/02/2020	South corea	46	12	4,7	29742	51,47	526,2	0,906	12,28	13,336	115	31	41,2	16
20/02/2020	South corea	80	16	4,7	29742	51,47	526,2	0,906	12,28	13,336	115	32	41,2	16
21/02/2020	South corea	155	16	4,7	29742	51,47	526,2	0,906	12,28	13,336	115	33	41,2	16
22/02/2020	South corea	345	16	4,7	29742	51,47	526,2	0,906	12,28	13,336	115	34	41,2	18
23/02/2020	South corea	601	18	4,7	29742	51,47	526,2	0,906	12,28	13,336	115	35	41,2	18
24/02/2020	South corea	762	18	4,7	29742	51,47	526,2	0,906	12,28	13,336	115	36	41,2	22
25/02/2020	South corea	892	22	4,7	29742	51,47	526,2	0,906	12,28	13,336	115	37	41,2	22
26/02/2020	South corea	1146	22	4,7	29742	51,47	526,2	0,906	12,28	13,336	115	38	41,2	22
27/02/2020	South corea	1595	22	4,7	29742	51,47	526,2	0,906	12,28	13,336	115	39	41,2	22
28/02/2020	South corea	2022	22	4,7	29742	51,47	526,2	0,906	12,28	13,336	115	40	41,2	27
29/02/2020	South corea	2931	27	4,7	29742	51,47	526,2	0,906	12,28	13,336	115	41	41,2	30
01/03/2020	South corea	3526	30	10,4	29742	51,47	526,2	0,906	12,28	13,336	115	42	41,2	30
02/03/2020	South corea	4212	30	10,4	29742	51,47	526,2	0,906	12,28	13,336	115	43	41,2	30
03/03/2020	South corea	4812	30	10,4	29742	51,47	526,2	0,906	12,28	13,336	115	44	41,2	41
04/03/2020	South corea	5328	41	10,4	29742	51,47	526,2	0,906	12,28	13,336	115	45	41,2	41
05/03/2020	South corea	5766	41	10,4	29742	51,47	526,2	0,906	12,28	13,336	115	46	41,2	135
06/03/2020	South corea	6284	135	10,4	29742	51,47	526,2	0,906	12,28	13,336	115	47	41,2	135
07/03/2020	South corea	6767	135	10,4	29742	51,47	526,2	0,906	12,28	13,336	115	48	41,2	118
08/03/2020	South corea	7134	118	10,4	29742	51,47	526,2	0,906	12,28	13,336	115	49	41,2	118
09/03/2020	South corea	7382	118	10,4	29742	51,47	526,2	0,906	12,28	13,336	115	50	41,2	247
10/03/2020	South corea	7513	247	10,4	29742	51,47	526,2	0,906	12,28	13,336	115	51	41,2	288
11/03/2020	South corea	7755	288	10,4	29742	51,47	526,2	0,906	12,28	13,336	115	52	41,2	333
12/03/2020	South corea	7869	333	10,4	29742	51,47	526,2	0,906	12,28	13,336	115	53	41,2	510
13/03/2020	South corea	7979	510	10,4	29742	51,47	526,2	0,906	12,28	13,336	115	54	41,2	510
14/03/2020	South corea	8086	510	10,4	29742	51,47	526,2	0,906	12,28	13,336	115	55	41,2	510
15/03/2020	South corea	8162	510	10,4	29742	51,47	526,2	0,906	12,28	13,336	115	56	41,2	1137
16/03/2020	South corea	8236	1137	10,4	29742	51,47	526,2	0,906	12,28	13,336	115	57	41,2	1407
17/03/2020	South corea	8320	1407	10,4	29742	51,47	526,2	0,906	12,28	13,336	115	58	41,2	1540
18/03/2020	South corea	8413	1540	10,4	29742	51,47	526,2	0,906	12,28	13,336	115	59	41,2	1540
19/03/2020	South corea	8565	1540	10,4	29742	51,47	526,2	0,906	12,28	13,336	115	60	41,2	1540
25/01/2020	France	3	0	7,2	38476	66,99	119,1	0,891	15,69	86,861	65	1	41,2	0
26/01/2020	France	3	0	7,2	38476	66,99	119,1	0,891	15,69	86,861	65	2	41,2	0
27/01/2020	France	3	0	7,2	38476	66,99	119,1	0,891	15,69	86,861	65	3	41,2	0
28/01/2020	France	3	0	7,2	38476	66,99	119,1	0,891	15,69	86,861	65	4	41,2	0
29/01/2020	France	4	0	7,2	38476	66,99	119,1	0,891	15,69	86,861	65	5	41,2	0
30/01/2020	France	5	0	7,2	38476	66,99	119,1	0,891	15,69	86,861	65	6	41,2	0
31/01/2020	France	6	0	7,2	38476	66,99	119,1	0,891	15,69	86,861	65	7	41,2	0
01/02/2020	France	6	0	8,3	38476	66,99	119,1	0,891	15,69	86,861	65	8	41,2	0
02/02/2020	France	6	0	8,3	38476	66,99	119,1	0,891	15,69	86,861	65	9	41,2	0
03/02/2020	France	6	0	8,3	38476	66,99	119,1	0,891	15,69	86,861	65	10	41,2	0
04/02/2020	France	6	0	8,3	38476	66,99	119,1	0,891	15,69	86,861	65	11	41,2	0
05/02/2020	France	6	0	8,3	38476	66,99	119,1	0,891	15,69	86,861	65	12	41,2	0
06/02/2020	France	6	0	8,3	38476	66,99	119,1	0,891	15,69	86,861	65	13	41,2	0
07/02/2020	France	6	0	8,3	38476	66,99	119,1	0,891	15,69	86,861	65	14	41,2	0
08/02/2020	France	11	0	8,3	38476	66,99	119,1	0,891	15,69	86,861	65	15	41,2	0
09/02/2020	France	11	0	8,3	38476	66,99	119,1	0,891	15,69	86,861	65	16	41,2	0
10/02/2020	France	11	0	8,3	38476	66,99	119,1	0,891	15,69	86,861	65	17	41,2	0
11/02/2020	France	11	0	8,3	38476	66,99	119,1	0,891	15,69	86,861	65	18	41,2	2
12/02/2020	France	11	2	8,3	38476	66,99	119,1	0,891	15,69	86,861	65	19	41,2	2
13/02/2020	France	11	2	8,3	38476	66,99	119,1	0,891	15,69	86,861	65	20	41,2	2
14/02/2020	France	11	2	8,3	38476	66,99	119,1	0,891	15,69	86,861	65	21	41,2	4
15/02/2020	France	11	4	8,3	38476	66,99	119,1	0,891	15,69	86,861	65	22	41,2	4
16/02/2020	France	11	4	8,3	38476	66,99	119,1	0,891	15,69	86,861	65	23	41,2	4
17/02/2020	France	12	4	8,3	38476	66,99	119,1	0,891	15,69	86,861	65	24	41,2	4
18/02/2020	France	12	4	8,3	38476	66,99	119,1	0,891	15,69	86,861	65	25	41,2	4
19/02/2020	France	12	4	8,3	38476	66,99	119,1	0,891	15,69	86,861	65	26	41,2	4
20/02/2020	France	12	4	8,3	38476	66,99	119,1	0,891	15,69	86,861	65	27	41,2	4
21/02/2020	France	12	4	8,3	38476	66,99	119,1	0,891	15,69	86,861	65	28	41,2	4
22/02/2020	France	12	4	8,3	38476	66,99	119,1	0,891	15,69	86,861	65	29	41,2	4
23/02/2020	France	12	4	8,3	38476	66,99	119,1	0,891	15,69	86,861	65	30	41,2	4
24/02/2020	France	12	4	8,3	38476	66,99	119,1	0,891	15,69	86,861	65	31	41,2	11
25/02/2020	France	12	11	8,3	38476	66,99	119,1	0,891	15,69	86,861	65	32	41,2	11
26/02/2020	France	14	11	8,3	38476	66,99	119,1	0,891	15,69	86,861	65	33	41,2	11
27/02/2020	France	17	11	8,3	38476	66,99	119,1	0,891	15,69	86,861	65	34	41,2	11
28/02/2020	France	38	11	8,3	38476	66,99	119,1	0,891	15,69	86,861	65	35	41,2	12
29/02/2020	France	57	12	8,3	38476	66,99	119,1	0,891	15,69	86,861	65	36	41,2	12
01/03/2020	France	100	12	12,2	38476	66,99	119,1	0,891	15,69	86,861	65	37	41,2	12
02/03/2020	France	130	12	12,2	38476	66,99	119,1	0,891	15,69	86,861	65	38	41,2	12
03/03/2020	France	178	12	12,2	38476	66,99	119,1	0,891	15,69	86,861	65	39	41,2	12
04/03/2020	France	212	12	12,2	38476	66,99	119,1	0,891	15,69	86,861	65	40	41,2	12
05/03/2020	France	285	12	12,2	38476	66,99	119,1	0,891	15,69	86,861	65	41	41,2	12
06/03/2020	France	423	12	12,2	38476	66,99	119,1	0,891	15,69	86,861	65	42	41,2	12
07/03/2020	France	613	12	12,2	38476	66,99	119,1	0,891	15,69	86,861	65	43	41,2	12
08/03/2020	France	716	12	12,2	38476	66,99	119,1	0,891	15,69	86,861	65	44	41,2	12
09/03/2020	France	1126	12	12,2	38476	66,99	119,1	0,891	15,69	86,861	65	45	41,2	12
10/03/2020	France	1412	12	12,2	38476	66,99	119,1	0,891	15,69	86,861	65	46	41,2	12
11/03/2020	France	1784	12	12,2	38476	66,99	119,1	0,891	15,69	86,861	65	47	41,2	12
12/03/2020	France	2281	12	12,2	38476	66,99	119,1	0,891	15,69	86,861	65	48	41,2	12
13/03/2020	France	2876	12	12,2	38476	66,99	119,1	0,891	15,69	86,861	65	49	41,2	12
14/03/2020	France	3661	12	12,2	38476	66,99	119,1	0,891	15,69	86,861	65	50	41,2	12
15/03/2020	France	4499	12	12,2	38476	66,99	119,1	0,891	15,69	86,861	65	51	41,2	12
16/03/2020	France	5423	12	12,2	38476	66,99	119,1	0,891	15,69	86,861	65	52	41,2	12
17/03/2020	France	6633	12	12,2	38476	66,99	119,1	0,891	15,69	86,861	65	53	41,2	602
18/03/2020	France	7730	602	12,2	38476	66,99	119,1	0,891	15,69	86,861	65	54	41,2	602
19/03/2020	France	9134	602	12,2	38476	66,99	119,1	0,891	15,69	86,861	65	55	41,2	1295
28/01/2020	Germany	1	0	2,9	44469	82,79	236,1	0,939	19,65	37,452	83	1	46,8	0
29/01/2020	Germany	4	0	2,9	44469	82,79	236,1	0,939	19,65	37,452	83	2	46,8	0
30/01/2020	Germany	4	0	2,9	44469	82,79	236,1	0,939	19,65	37,452	83	3	46,8	0
31/01/2020	Germany	5	0	2,9	44469	82,79	236,1	0,939	19,65	37,452	83	4	46,8	0
01/02/2020	Germany	7	0	4,2	44469	82,79	236,1	0,939	19,65	37,452	83	5	46,8	0
02/02/2020	Germany	8	0	4,2	44469	82,79	236,1	0,939	19,65	37,452	83	6	46,8	0
03/02/2020	Germany	9	0	4,2	44469	82,79	236,1	0,939	19,65	37,452	83	7	46,8	0
04/02/2020	Germany	11	0	4,2	44469	82,79	236,1	0,939	19,65	37,452	83	8	46,8	0
05/02/2020	Germany	11	0	4,2	44469	82,79	236,1	0,939	19,65	37,452	83	9	46,8	0
06/02/2020	Germany	11	0	4,2	44469	82,79	236,1	0,939	19,65	37,452	83	10	46,8	0
07/02/2020	Germany	12	0	4,2	44469	82,79	236,1	0,939	19,65	37,452	83	11	46,8	0
08/02/2020	Germany	13	0	4,2	44469	82,79	236,1	0,939	19,65	37,452	83	12	46,8	0
09/02/2020	Germany	13	0	4,2	44469	82,79	236,1	0,939	19,65	37,452	83	13	46,8	0
10/02/2020	Germany	13	0	4,2	44469	82,79	236,1	0,939	19,65	37,452	83	14	46,8	0
11/02/2020	Germany	13	0	4,2	44469	82,79	236,1	0,939	19,65	37,452	83	15	46,8	0
12/02/2020	Germany	15	0	4,2	44469	82,79	236,1	0,939	19,65	37,452	83	16	46,8	1
13/02/2020	Germany	15	1	4,2	44469	82,79	236,1	0,939	19,65	37,452	83	17	46,8	1
14/02/2020	Germany	15	1	4,2	44469	82,79	236,1	0,939	19,65	37,452	83	18	46,8	1
15/02/2020	Germany	15	1	4,2	44469	82,79	236,1	0,939	19,65	37,452	83	19	46,8	1
16/02/2020	Germany	15	1	4,2	44469	82,79	236,1	0,939	19,65	37,452	83	20	46,8	1
17/02/2020	Germany	15	1	4,2	44469	82,79	236,1	0,939	19,65	37,452	83	21	46,8	12
18/02/2020	Germany	15	12	4,2	44469	82,79	236,1	0,939	19,65	37,452	83	22	46,8	12
19/02/2020	Germany	15	12	4,2	44469	82,79	236,1	0,939	19,65	37,452	83	23	46,8	12
20/02/2020	Germany	15	12	4,2	44469	82,79	236,1	0,939	19,65	37,452	83	24	46,8	14
21/02/2020	Germany	15	14	4,2	44469	82,79	236,1	0,939	19,65	37,452	83	25	46,8	14
22/02/2020	Germany	15	14	4,2	44469	82,79	236,1	0,939	19,65	37,452	83	26	46,8	14
23/02/2020	Germany	15	14	4,2	44469	82,79	236,1	0,939	19,65	37,452	83	27	46,8	14
24/02/2020	Germany	15	14	4,2	44469	82,79	236,1	0,939	19,65	37,452	83	28	46,8	14
25/02/2020	Germany	15	14	4,2	44469	82,79	236,1	0,939	19,65	37,452	83	29	46,8	15
26/02/2020	Germany	17	15	4,2	44469	82,79	236,1	0,939	19,65	37,452	83	30	46,8	16
27/02/2020	Germany	21	16	4,2	44469	82,79	236,1	0,939	19,65	37,452	83	31	46,8	16
28/02/2020	Germany	47	16	4,2	44469	82,79	236,1	0,939	19,65	37,452	83	32	46,8	16
29/02/2020	Germany	57	16	4,2	44469	82,79	236,1	0,939	19,65	37,452	83	33	46,8	16
01/03/2020	Germany	111	16	8,5	44469	82,79	236,1	0,939	19,65	37,452	83	34	46,8	16
02/03/2020	Germany	129	16	8,5	44469	82,79	236,1	0,939	19,65	37,452	83	35	46,8	16
03/03/2020	Germany	157	16	8,5	44469	82,79	236,1	0,939	19,65	37,452	83	36	46,8	16
04/03/2020	Germany	196	16	8,5	44469	82,79	236,1	0,939	19,65	37,452	83	37	46,8	16
05/03/2020	Germany	262	16	8,5	44469	82,79	236,1	0,939	19,65	37,452	83	38	46,8	17
06/03/2020	Germany	400	17	8,5	44469	82,79	236,1	0,939	19,65	37,452	83	39	46,8	18
07/03/2020	Germany	684	18	8,5	44469	82,79	236,1	0,939	19,65	37,452	83	40	46,8	18
08/03/2020	Germany	847	18	8,5	44469	82,79	236,1	0,939	19,65	37,452	83	41	46,8	18
09/03/2020	Germany	902	18	8,5	44469	82,79	236,1	0,939	19,65	37,452	83	42	46,8	18
10/03/2020	Germany	1139	18	8,5	44469	82,79	236,1	0,939	19,65	37,452	83	43	46,8	25
11/03/2020	Germany	1296	25	8,5	44469	82,79	236,1	0,939	19,65	37,452	83	44	46,8	25
12/03/2020	Germany	1567	25	8,5	44469	82,79	236,1	0,939	19,65	37,452	83	45	46,8	46
13/03/2020	Germany	2369	46	8,5	44469	82,79	236,1	0,939	19,65	37,452	83	46	46,8	46
14/03/2020	Germany	3062	46	8,5	44469	82,79	236,1	0,939	19,65	37,452	83	47	46,8	46
15/03/2020	Germany	3795	46	8,5	44469	82,79	236,1	0,939	19,65	37,452	83	48	46,8	67
16/03/2020	Germany	4838	67	8,5	44469	82,79	236,1	0,939	19,65	37,452	83	49	46,8	67
17/03/2020	Germany	6012	67	8,5	44469	82,79	236,1	0,939	19,65	37,452	83	50	46,8	105
18/03/2020	Germany	7156	105	8,5	44469	82,79	236,1	0,939	19,65	37,452	83	51	46,8	113
19/03/2020	Germany	8198	113	8,5	44469	82,79	236,1	0,939	19,65	37,452	83	52	46,8	180
20/02/2020	Iran	2	0	11,1	5415	81,16	50,4	0,797	17,53	4,867	15	1	29,4	0
21/02/2020	Iran	5	0	11,1	5415	81,16	50,4	0,797	17,53	4,867	15	2	29,4	0
22/02/2020	Iran	18	0	11,1	5415	81,16	50,4	0,797	17,53	4,867	15	3	29,4	0
23/02/2020	Iran	28	0	11,1	5415	81,16	50,4	0,797	17,53	4,867	15	4	29,4	0
24/02/2020	Iran	43	0	11,1	5415	81,16	50,4	0,797	17,53	4,867	15	5	29,4	0
25/02/2020	Iran	61	0	11,1	5415	81,16	50,4	0,797	17,53	4,867	15	6	29,4	49
26/02/2020	Iran	95	49	11,1	5415	81,16	50,4	0,797	17,53	4,867	15	7	29,4	49
27/02/2020	Iran	139	49	11,1	5415	81,16	50,4	0,797	17,53	4,867	15	8	29,4	73
28/02/2020	Iran	245	73	11,1	5415	81,16	50,4	0,797	17,53	4,867	15	9	29,4	123
29/02/2020	Iran	388	123	11,1	5415	81,16	50,4	0,797	17,53	4,867	15	10	29,4	175
01/03/2020	Iran	593	175	17,2	5415	81,16	50,4	0,797	17,53	4,867	15	11	29,4	291
02/03/2020	Iran	978	291	17,2	5415	81,16	50,4	0,797	17,53	4,867	15	12	29,4	291
03/03/2020	Iran	1501	291	17,2	5415	81,16	50,4	0,797	17,53	4,867	15	13	29,4	552
04/03/2020	Iran	2336	552	17,2	5415	81,16	50,4	0,797	17,53	4,867	15	14	29,4	739
05/03/2020	Iran	2922	739	17,2	5415	81,16	50,4	0,797	17,53	4,867	15	15	29,4	913
06/03/2020	Iran	3513	913	17,2	5415	81,16	50,4	0,797	17,53	4,867	15	16	29,4	1669
07/03/2020	Iran	4747	1669	17,2	5415	81,16	50,4	0,797	17,53	4,867	15	17	29,4	2134
08/03/2020	Iran	5823	2134	17,2	5415	81,16	50,4	0,797	17,53	4,867	15	18	29,4	2394
09/03/2020	Iran	6566	2394	17,2	5415	81,16	50,4	0,797	17,53	4,867	15	19	29,4	2731
10/03/2020	Iran	7161	2731	17,2	5415	81,16	50,4	0,797	17,53	4,867	15	20	29,4	2959
11/03/2020	Iran	8042	2959	17,2	5415	81,16	50,4	0,797	17,53	4,867	15	21	29,4	2959
12/03/2020	Iran	9000	2959	17,2	5415	81,16	50,4	0,797	17,53	4,867	15	22	29,4	2959
13/03/2020	Iran	10075	2959	17,2	5415	81,16	50,4	0,797	17,53	4,867	15	23	29,4	2959
14/03/2020	Iran	11364	2959	17,2	5415	81,16	50,4	0,797	17,53	4,867	15	24	29,4	4590
15/03/2020	Iran	12729	4590	17,2	5415	81,16	50,4	0,797	17,53	4,867	15	25	29,4	4590
16/03/2020	Iran	13938	4590	17,2	5415	81,16	50,4	0,797	17,53	4,867	15	26	29,4	5389
17/03/2020	Iran	14991	5389	17,2	5415	81,16	50,4	0,797	17,53	4,867	15	27	29,4	5389
18/03/2020	Iran	16169	5389	17,2	5415	81,16	50,4	0,797	17,53	4,867	15	28	29,4	5710
19/03/2020	Iran	17361	5710	17,2	5415	81,16	50,4	0,797	17,53	4,867	15	29	29,4	6745
25/02/2020	Iraq	1	0	18	5165	38,27	90,6	0,689	6,46	0,892	14	1	19,9	0
26/02/2020	Iraq	5	0	18	5165	38,27	90,6	0,689	6,46	0,892	14	2	19,9	0
27/02/2020	Iraq	5	0	18	5165	38,27	90,6	0,689	6,46	0,892	14	3	19,9	0
28/02/2020	Iraq	6	0	18	5165	38,27	90,6	0,689	6,46	0,892	14	4	19,9	0
29/02/2020	Iraq	7	0	18	5165	38,27	90,6	0,689	6,46	0,892	14	5	19,9	0
01/03/2020	Iraq	13	0	23	5165	38,27	90,6	0,689	6,46	0,892	14	6	19,9	0
02/03/2020	Iraq	19	0	23	5165	38,27	90,6	0,689	6,46	0,892	14	7	19,9	0
03/03/2020	Iraq	21	0	23	5165	38,27	90,6	0,689	6,46	0,892	14	8	19,9	0
04/03/2020	Iraq	26	0	23	5165	38,27	90,6	0,689	6,46	0,892	14	9	19,9	0
05/03/2020	Iraq	31	0	23	5165	38,27	90,6	0,689	6,46	0,892	14	10	19,9	0
06/03/2020	Iraq	38	0	23	5165	38,27	90,6	0,689	6,46	0,892	14	11	19,9	0
07/03/2020	Iraq	38	0	23	5165	38,27	90,6	0,689	6,46	0,892	14	12	19,9	0
08/03/2020	Iraq	54	0	23	5165	38,27	90,6	0,689	6,46	0,892	14	13	19,9	3
09/03/2020	Iraq	61	3	23	5165	38,27	90,6	0,689	6,46	0,892	14	14	19,9	3
10/03/2020	Iraq	61	3	23	5165	38,27	90,6	0,689	6,46	0,892	14	15	19,9	15
11/03/2020	Iraq	61	15	23	5165	38,27	90,6	0,689	6,46	0,892	14	16	19,9	15
12/03/2020	Iraq	70	15	23	5165	38,27	90,6	0,689	6,46	0,892	14	17	19,9	24
13/03/2020	Iraq	74	24	23	5165	38,27	90,6	0,689	6,46	0,892	14	18	19,9	26
14/03/2020	Iraq	85	26	23	5165	38,27	90,6	0,689	6,46	0,892	14	19	19,9	26
15/03/2020	Iraq	85	26	23	5165	38,27	90,6	0,689	6,46	0,892	14	20	19,9	26
16/03/2020	Iraq	124	26	23	5165	38,27	90,6	0,689	6,46	0,892	14	21	19,9	32
17/03/2020	Iraq	124	32	23	5165	38,27	90,6	0,689	6,46	0,892	14	22	19,9	43
18/03/2020	Iraq	154	43	23	5165	38,27	90,6	0,689	6,46	0,892	14	23	19,9	43
19/03/2020	Iraq	164	43	23	5165	38,27	90,6	0,689	6,46	0,892	14	24	19,9	49
31/01/2020	UK	2	0	8,1	39720	66,44	275,2	0,92	16,52	37,651	29	1	40,5	0
01/02/2020	UK	2	0	8,4	39720	66,44	275,2	0,92	16,52	37,651	29	2	40,5	0
02/02/2020	UK	2	0	8,4	39720	66,44	275,2	0,92	16,52	37,651	29	3	40,5	0
03/02/2020	UK	2	0	8,4	39720	66,44	275,2	0,92	16,52	37,651	29	4	40,5	0
04/02/2020	UK	2	0	8,4	39720	66,44	275,2	0,92	16,52	37,651	29	5	40,5	0
05/02/2020	UK	2	0	8,4	39720	66,44	275,2	0,92	16,52	37,651	29	6	40,5	0
06/02/2020	UK	2	0	8,4	39720	66,44	275,2	0,92	16,52	37,651	29	7	40,5	0
07/02/2020	UK	3	0	8,4	39720	66,44	275,2	0,92	16,52	37,651	29	8	40,5	0
08/02/2020	UK	3	0	8,4	39720	66,44	275,2	0,92	16,52	37,651	29	9	40,5	0
09/02/2020	UK	4	0	8,4	39720	66,44	275,2	0,92	16,52	37,651	29	10	40,5	0
10/02/2020	UK	4	0	8,4	39720	66,44	275,2	0,92	16,52	37,651	29	11	40,5	0
11/02/2020	UK	8	0	8,4	39720	66,44	275,2	0,92	16,52	37,651	29	12	40,5	1
12/02/2020	UK	8	1	8,4	39720	66,44	275,2	0,92	16,52	37,651	29	13	40,5	1
13/02/2020	UK	9	1	8,4	39720	66,44	275,2	0,92	16,52	37,651	29	14	40,5	1
14/02/2020	UK	9	1	8,4	39720	66,44	275,2	0,92	16,52	37,651	29	15	40,5	1
15/02/2020	UK	9	1	8,4	39720	66,44	275,2	0,92	16,52	37,651	29	16	40,5	8
16/02/2020	UK	9	8	8,4	39720	66,44	275,2	0,92	16,52	37,651	29	17	40,5	8
17/02/2020	UK	9	8	8,4	39720	66,44	275,2	0,92	16,52	37,651	29	18	40,5	8
18/02/2020	UK	9	8	8,4	39720	66,44	275,2	0,92	16,52	37,651	29	19	40,5	8
19/02/2020	UK	9	8	8,4	39720	66,44	275,2	0,92	16,52	37,651	29	20	40,5	8
20/02/2020	UK	9	8	8,4	39720	66,44	275,2	0,92	16,52	37,651	29	21	40,5	8
21/02/2020	UK	9	8	8,4	39720	66,44	275,2	0,92	16,52	37,651	29	22	40,5	8
22/02/2020	UK	9	8	8,4	39720	66,44	275,2	0,92	16,52	37,651	29	23	40,5	8
23/02/2020	UK	9	8	8,4	39720	66,44	275,2	0,92	16,52	37,651	29	24	40,5	8
24/02/2020	UK	13	8	8,4	39720	66,44	275,2	0,92	16,52	37,651	29	25	40,5	8
25/02/2020	UK	13	8	8,4	39720	66,44	275,2	0,92	16,52	37,651	29	26	40,5	8
26/02/2020	UK	13	8	8,4	39720	66,44	275,2	0,92	16,52	37,651	29	27	40,5	8
27/02/2020	UK	13	8	8,4	39720	66,44	275,2	0,92	16,52	37,651	29	28	40,5	8
28/02/2020	UK	16	8	8,4	39720	66,44	275,2	0,92	16,52	37,651	29	29	40,5	8
29/02/2020	UK	18	8	8,4	39720	66,44	275,2	0,92	16,52	37,651	29	30	40,5	8
01/03/2020	UK	23	8	8,4	39720	66,44	275,2	0,92	16,52	37,651	29	31	40,5	8
02/03/2020	UK	36	8	8,4	39720	66,44	275,2	0,92	16,52	37,651	29	32	40,5	8
03/03/2020	UK	40	8	8,4	39720	66,44	275,2	0,92	16,52	37,651	29	33	40,5	8
04/03/2020	UK	51	8	8,4	39720	66,44	275,2	0,92	16,52	37,651	29	34	40,5	8
05/03/2020	UK	85	8	8,4	39720	66,44	275,2	0,92	16,52	37,651	29	35	40,5	8
06/03/2020	UK	115	8	8,4	39720	66,44	275,2	0,92	16,52	37,651	29	36	40,5	18
07/03/2020	UK	163	18	8,4	39720	66,44	275,2	0,92	16,52	37,651	29	37	40,5	18
08/03/2020	UK	206	18	8,4	39720	66,44	275,2	0,92	16,52	37,651	29	38	40,5	18
09/03/2020	UK	273	18	8,4	39720	66,44	275,2	0,92	16,52	37,651	29	39	40,5	18
10/03/2020	UK	321	18	8,4	39720	66,44	275,2	0,92	16,52	37,651	29	40	40,5	18
11/03/2020	UK	373	18	8,4	39720	66,44	275,2	0,92	16,52	37,651	29	41	40,5	18
12/03/2020	UK	456	18	8,4	39720	66,44	275,2	0,92	16,52	37,651	29	42	40,5	18
13/03/2020	UK	590	18	8,4	39720	66,44	275,2	0,92	16,52	37,651	29	43	40,5	18
14/03/2020	UK	707	18	8,4	39720	66,44	275,2	0,92	16,52	37,651	29	44	40,5	18
15/03/2020	UK	1140	18	8,4	39720	66,44	275,2	0,92	16,52	37,651	29	45	40,5	20
16/03/2020	UK	1391	20	8,4	39720	66,44	275,2	0,92	16,52	37,651	29	46	40,5	52
17/03/2020	UK	1543	52	8,4	39720	66,44	275,2	0,92	16,52	37,651	29	47	40,5	65
18/03/2020	UK	1950	65	8,4	39720	66,44	275,2	0,92	16,52	37,651	29	48	40,5	65
19/03/2020	UK	2630	65	8,4	39720	66,44	275,2	0,92	16,52	37,651	29	49	40,5	65
31/01/2020	Italie	3	0	5,9	31952	60,48	201,6	0,883	13,65	58,253	34	1	45,1	0
01/02/2020	Italie	3	0	9	31952	60,48	201,6	0,883	13,65	58,253	34	2	45,1	0
02/02/2020	Italie	3	0	9	31952	60,48	201,6	0,883	13,65	58,253	34	3	45,1	0
03/02/2020	Italie	3	0	9	31952	60,48	201,6	0,883	13,65	58,253	34	4	45,1	0
04/02/2020	Italie	3	0	9	31952	60,48	201,6	0,883	13,65	58,253	34	5	45,1	0
05/02/2020	Italie	3	0	9	31952	60,48	201,6	0,883	13,65	58,253	34	6	45,1	0
06/02/2020	Italie	3	0	9	31952	60,48	201,6	0,883	13,65	58,253	34	7	45,1	0
07/02/2020	Italie	3	0	9	31952	60,48	201,6	0,883	13,65	58,253	34	8	45,1	0
08/02/2020	Italie	3	0	9	31952	60,48	201,6	0,883	13,65	58,253	34	9	45,1	0
09/02/2020	Italie	3	0	9	31952	60,48	201,6	0,883	13,65	58,253	34	10	45,1	0
10/02/2020	Italie	3	0	9	31952	60,48	201,6	0,883	13,65	58,253	34	11	45,1	0
11/02/2020	Italie	3	0	9	31952	60,48	201,6	0,883	13,65	58,253	34	12	45,1	0
12/02/2020	Italie	3	0	9	31952	60,48	201,6	0,883	13,65	58,253	34	13	45,1	0
13/02/2020	Italie	3	0	9	31952	60,48	201,6	0,883	13,65	58,253	34	14	45,1	0
14/02/2020	Italie	3	0	9	31952	60,48	201,6	0,883	13,65	58,253	34	15	45,1	0
15/02/2020	Italie	3	0	9	31952	60,48	201,6	0,883	13,65	58,253	34	16	45,1	0
16/02/2020	Italie	3	0	9	31952	60,48	201,6	0,883	13,65	58,253	34	17	45,1	0
17/02/2020	Italie	3	0	9	31952	60,48	201,6	0,883	13,65	58,253	34	18	45,1	0
18/02/2020	Italie	3	0	9	31952	60,48	201,6	0,883	13,65	58,253	34	19	45,1	0
19/02/2020	Italie	3	0	9	31952	60,48	201,6	0,883	13,65	58,253	34	20	45,1	0
20/02/2020	Italie	3	0	9	31952	60,48	201,6	0,883	13,65	58,253	34	21	45,1	1
21/02/2020	Italie	3	1	9	31952	60,48	201,6	0,883	13,65	58,253	34	22	45,1	2
22/02/2020	Italie	17	2	9	31952	60,48	201,6	0,883	13,65	58,253	34	23	45,1	1
23/02/2020	Italie	79	1	9	31952	60,48	201,6	0,883	13,65	58,253	34	24	45,1	1
24/02/2020	Italie	132	1	9	31952	60,48	201,6	0,883	13,65	58,253	34	25	45,1	3
25/02/2020	Italie	229	3	9	31952	60,48	201,6	0,883	13,65	58,253	34	26	45,1	45
26/02/2020	Italie	322	45	9	31952	60,48	201,6	0,883	13,65	58,253	34	27	45,1	46
27/02/2020	Italie	400	46	9	31952	60,48	201,6	0,883	13,65	58,253	34	28	45,1	46
28/02/2020	Italie	650	46	9	31952	60,48	201,6	0,883	13,65	58,253	34	29	45,1	83
29/02/2020	Italie	888	83	9	31952	60,48	201,6	0,883	13,65	58,253	34	30	45,1	149
01/03/2020	Italie	1128	149	14,3	31952	60,48	201,6	0,883	13,65	58,253	34	31	45,1	160
02/03/2020	Italie	1689	160	14,3	31952	60,48	201,6	0,883	13,65	58,253	34	32	45,1	276
03/03/2020	Italie	1835	276	14,3	31952	60,48	201,6	0,883	13,65	58,253	34	33	45,1	414
04/03/2020	Italie	2502	414	14,3	31952	60,48	201,6	0,883	13,65	58,253	34	34	45,1	523
05/03/2020	Italie	3089	523	14,3	31952	60,48	201,6	0,883	13,65	58,253	34	35	45,1	589
06/03/2020	Italie	3858	589	14,3	31952	60,48	201,6	0,883	13,65	58,253	34	36	45,1	622
07/03/2020	Italie	4636	622	14,3	31952	60,48	201,6	0,883	13,65	58,253	34	37	45,1	724
08/03/2020	Italie	5883	724	14,3	31952	60,48	201,6	0,883	13,65	58,253	34	38	45,1	724
09/03/2020	Italie	7375	724	14,3	31952	60,48	201,6	0,883	13,65	58,253	34	39	45,1	1045
10/03/2020	Italie	9172	1045	14,3	31952	60,48	201,6	0,883	13,65	58,253	34	40	45,1	1045
11/03/2020	Italie	10149	1045	14,3	31952	60,48	201,6	0,883	13,65	58,253	34	41	45,1	1439
12/03/2020	Italie	12462	1439	14,3	31952	60,48	201,6	0,883	13,65	58,253	34	42	45,1	1966
13/03/2020	Italie	15113	1966	14,3	31952	60,48	201,6	0,883	13,65	58,253	34	43	45,1	2335
14/03/2020	Italie	17660	2335	14,3	31952	60,48	201,6	0,883	13,65	58,253	34	44	45,1	2749
15/03/2020	Italie	17750	2749	14,3	31952	60,48	201,6	0,883	13,65	58,253	34	45	45,1	2941
16/03/2020	Italie	23980	2941	14,3	31952	60,48	201,6	0,883	13,65	58,253	34	46	45,1	4025
17/03/2020	Italie	27980	4025	14,3	31952	60,48	201,6	0,883	13,65	58,253	34	47	45,1	4440
18/03/2020	Italie	31506	4440	14,3	31952	60,48	201,6	0,883	13,65	58,253	34	48	45,1	4440
19/03/2020	Italie	35713	4440	14,3	31952	60,48	201,6	0,883	13,65	58,253	34	49	45,1	4440
22/01/2020	Japan	1	0	9,6	38428	126,8	348,9	0,915	20,28	28,691	134	8	46,9	0
23/01/2020	Japan	1	0	9,6	38428	126,8	348,9	0,915	20,28	28,691	134	9	46,9	0
24/01/2020	Japan	2	0	9,6	38428	126,8	348,9	0,915	20,28	28,691	134	10	46,9	0
25/01/2020	Japan	2	0	9,6	38428	126,8	348,9	0,915	20,28	28,691	134	11	46,9	1
26/01/2020	Japan	3	1	9,6	38428	126,8	348,9	0,915	20,28	28,691	134	12	46,9	1
27/01/2020	Japan	3	1	9,6	38428	126,8	348,9	0,915	20,28	28,691	134	13	46,9	1
28/01/2020	Japan	4	1	9,6	38428	126,8	348,9	0,915	20,28	28,691	134	14	46,9	1
29/01/2020	Japan	7	1	9,6	38428	126,8	348,9	0,915	20,28	28,691	134	15	46,9	1
30/01/2020	Japan	11	1	9,6	38428	126,8	348,9	0,915	20,28	28,691	134	16	46,9	1
31/01/2020	Japan	14	1	9,6	38428	126,8	348,9	0,915	20,28	28,691	134	17	46,9	1
01/02/2020	Japan	15	1	10,4	38428	126,8	348,9	0,915	20,28	28,691	134	18	46,9	1
02/02/2020	Japan	19	1	10,4	38428	126,8	348,9	0,915	20,28	28,691	134	19	46,9	1
03/02/2020	Japan	20	1	10,4	38428	126,8	348,9	0,915	20,28	28,691	134	20	46,9	1
04/02/2020	Japan	20	1	10,4	38428	126,8	348,9	0,915	20,28	28,691	134	21	46,9	1
05/02/2020	Japan	25	1	10,4	38428	126,8	348,9	0,915	20,28	28,691	134	22	46,9	1
06/02/2020	Japan	25	1	10,4	38428	126,8	348,9	0,915	20,28	28,691	134	23	46,9	1
07/02/2020	Japan	25	1	10,4	38428	126,8	348,9	0,915	20,28	28,691	134	24	46,9	1
08/02/2020	Japan	25	1	10,4	38428	126,8	348,9	0,915	20,28	28,691	134	25	46,9	1
09/02/2020	Japan	25	1	10,4	38428	126,8	348,9	0,915	20,28	28,691	134	26	46,9	4
10/02/2020	Japan	25	4	10,4	38428	126,8	348,9	0,915	20,28	28,691	134	27	46,9	9
11/02/2020	Japan	25	9	10,4	38428	126,8	348,9	0,915	20,28	28,691	134	28	46,9	9
12/02/2020	Japan	25	9	10,4	38428	126,8	348,9	0,915	20,28	28,691	134	29	46,9	9
13/02/2020	Japan	29	9	10,4	38428	126,8	348,9	0,915	20,28	28,691	134	30	46,9	9
14/02/2020	Japan	30	9	10,4	38428	126,8	348,9	0,915	20,28	28,691	134	31	46,9	12
15/02/2020	Japan	38	12	10,4	38428	126,8	348,9	0,915	20,28	28,691	134	32	46,9	12
16/02/2020	Japan	52	12	10,4	38428	126,8	348,9	0,915	20,28	28,691	134	33	46,9	12
17/02/2020	Japan	59	12	10,4	38428	126,8	348,9	0,915	20,28	28,691	134	34	46,9	13
18/02/2020	Japan	59	13	10,4	38428	126,8	348,9	0,915	20,28	28,691	134	35	46,9	18
19/02/2020	Japan	66	18	10,4	38428	126,8	348,9	0,915	20,28	28,691	134	36	46,9	18
20/02/2020	Japan	84	18	10,4	38428	126,8	348,9	0,915	20,28	28,691	134	37	46,9	22
21/02/2020	Japan	93	22	10,4	38428	126,8	348,9	0,915	20,28	28,691	134	38	46,9	22
22/02/2020	Japan	105	22	10,4	38428	126,8	348,9	0,915	20,28	28,691	134	39	46,9	22
23/02/2020	Japan	132	22	10,4	38428	126,8	348,9	0,915	20,28	28,691	134	40	46,9	22
24/02/2020	Japan	144	22	10,4	38428	126,8	348,9	0,915	20,28	28,691	134	41	46,9	22
25/02/2020	Japan	144	22	10,4	38428	126,8	348,9	0,915	20,28	28,691	134	42	46,9	22
26/02/2020	Japan	164	22	10,4	38428	126,8	348,9	0,915	20,28	28,691	134	43	46,9	22
27/02/2020	Japan	186	22	10,4	38428	126,8	348,9	0,915	20,28	28,691	134	44	46,9	22
28/02/2020	Japan	210	22	10,4	38428	126,8	348,9	0,915	20,28	28,691	134	45	46,9	32
29/02/2020	Japan	230	32	10,4	38428	126,8	348,9	0,915	20,28	28,691	134	46	46,9	32
01/03/2020	Japan	239	32	13,6	38428	126,8	348,9	0,915	20,28	28,691	134	47	46,9	32
02/03/2020	Japan	254	32	13,6	38428	126,8	348,9	0,915	20,28	28,691	134	48	46,9	43
03/03/2020	Japan	254	43	13,6	38428	126,8	348,9	0,915	20,28	28,691	134	49	46,9	43
04/03/2020	Japan	268	43	13,6	38428	126,8	348,9	0,915	20,28	28,691	134	50	46,9	43
05/03/2020	Japan	317	43	13,6	38428	126,8	348,9	0,915	20,28	28,691	134	51	46,9	46
06/03/2020	Japan	349	46	13,6	38428	126,8	348,9	0,915	20,28	28,691	134	52	46,9	76
07/03/2020	Japan	408	76	13,6	38428	126,8	348,9	0,915	20,28	28,691	134	53	46,9	76
08/03/2020	Japan	455	76	13,6	38428	126,8	348,9	0,915	20,28	28,691	134	54	46,9	76
09/03/2020	Japan	488	76	13,6	38428	126,8	348,9	0,915	20,28	28,691	134	55	46,9	101
10/03/2020	Japan	514	101	13,6	38428	126,8	348,9	0,915	20,28	28,691	134	56	46,9	118
11/03/2020	Japan	568	118	13,6	38428	126,8	348,9	0,915	20,28	28,691	134	57	46,9	118
12/03/2020	Japan	619	118	13,6	38428	126,8	348,9	0,915	20,28	28,691	134	58	46,9	118
13/03/2020	Japan	675	118	13,6	38428	126,8	348,9	0,915	20,28	28,691	134	59	46,9	118
14/03/2020	Japan	737	118	13,6	38428	126,8	348,9	0,915	20,28	28,691	134	60	46,9	118
15/03/2020	Japan	780	118	13,6	38428	126,8	348,9	0,915	20,28	28,691	134	61	46,9	144
16/03/2020	Japan	814	144	13,6	38428	126,8	348,9	0,915	20,28	28,691	134	62	46,9	144
17/03/2020	Japan	824	144	13,6	38428	126,8	348,9	0,915	20,28	28,691	134	63	46,9	144
18/03/2020	Japan	829	144	13,6	38428	126,8	348,9	0,915	20,28	28,691	134	64	46,9	150
19/03/2020	Japan	873	150	13,6	38428	126,8	348,9	0,915	20,28	28,691	134	65	46,9	191
24/01/2020	Singapore	3	0	30,1	57714	5,612	7759,9	0,935	14,15	13,903	24	1	34,3	0
25/01/2020	Singapore	3	0	30,1	57714	5,612	7759,9	0,935	14,15	13,903	24	2	34,3	0
26/01/2020	Singapore	4	0	30,1	57714	5,612	7759,9	0,935	14,15	13,903	24	3	34,3	0
27/01/2020	Singapore	4	0	30,1	57714	5,612	7759,9	0,935	14,15	13,903	24	4	34,3	0
28/01/2020	Singapore	5	0	30,1	57714	5,612	7759,9	0,935	14,15	13,903	24	5	34,3	0
29/01/2020	Singapore	7	0	30,1	57714	5,612	7759,9	0,935	14,15	13,903	24	6	34,3	0
30/01/2020	Singapore	10	0	30,1	57714	5,612	7759,9	0,935	14,15	13,903	24	7	34,3	0
31/01/2020	Singapore	13	0	30,1	57714	5,612	7759,9	0,935	14,15	13,903	24	8	34,3	0
01/02/2020	Singapore	16	0	30,2	57714	5,612	7759,9	0,935	14,15	13,903	24	9	34,3	0
02/02/2020	Singapore	18	0	30,2	57714	5,612	7759,9	0,935	14,15	13,903	24	10	34,3	0
03/02/2020	Singapore	18	0	30,2	57714	5,612	7759,9	0,935	14,15	13,903	24	11	34,3	0
04/02/2020	Singapore	18	0	30,2	57714	5,612	7759,9	0,935	14,15	13,903	24	12	34,3	0
05/02/2020	Singapore	24	0	30,2	57714	5,612	7759,9	0,935	14,15	13,903	24	13	34,3	0
06/02/2020	Singapore	28	0	30,2	57714	5,612	7759,9	0,935	14,15	13,903	24	14	34,3	0
07/02/2020	Singapore	30	0	30,2	57714	5,612	7759,9	0,935	14,15	13,903	24	15	34,3	2
08/02/2020	Singapore	33	2	30,2	57714	5,612	7759,9	0,935	14,15	13,903	24	16	34,3	2
09/02/2020	Singapore	40	2	30,2	57714	5,612	7759,9	0,935	14,15	13,903	24	17	34,3	2
10/02/2020	Singapore	43	2	30,2	57714	5,612	7759,9	0,935	14,15	13,903	24	18	34,3	9
11/02/2020	Singapore	45	9	30,2	57714	5,612	7759,9	0,935	14,15	13,903	24	19	34,3	15
12/02/2020	Singapore	47	15	30,2	57714	5,612	7759,9	0,935	14,15	13,903	24	20	34,3	15
13/02/2020	Singapore	50	15	30,2	57714	5,612	7759,9	0,935	14,15	13,903	24	21	34,3	17
14/02/2020	Singapore	58	17	30,2	57714	5,612	7759,9	0,935	14,15	13,903	24	22	34,3	18
15/02/2020	Singapore	67	18	30,2	57714	5,612	7759,9	0,935	14,15	13,903	24	23	34,3	18
16/02/2020	Singapore	72	18	30,2	57714	5,612	7759,9	0,935	14,15	13,903	24	24	34,3	24
17/02/2020	Singapore	75	24	30,2	57714	5,612	7759,9	0,935	14,15	13,903	24	25	34,3	29
18/02/2020	Singapore	77	29	30,2	57714	5,612	7759,9	0,935	14,15	13,903	24	26	34,3	34
19/02/2020	Singapore	81	34	30,2	57714	5,612	7759,9	0,935	14,15	13,903	24	27	34,3	34
20/02/2020	Singapore	84	34	30,2	57714	5,612	7759,9	0,935	14,15	13,903	24	28	34,3	37
21/02/2020	Singapore	85	37	30,2	57714	5,612	7759,9	0,935	14,15	13,903	24	29	34,3	37
22/02/2020	Singapore	86	37	30,2	57714	5,612	7759,9	0,935	14,15	13,903	24	30	34,3	51
23/02/2020	Singapore	89	51	30,2	57714	5,612	7759,9	0,935	14,15	13,903	24	31	34,3	51
24/02/2020	Singapore	89	51	30,2	57714	5,612	7759,9	0,935	14,15	13,903	24	32	34,3	53
25/02/2020	Singapore	90	53	30,2	57714	5,612	7759,9	0,935	14,15	13,903	24	33	34,3	62
26/02/2020	Singapore	91	62	30,2	57714	5,612	7759,9	0,935	14,15	13,903	24	34	34,3	62
27/02/2020	Singapore	93	62	30,2	57714	5,612	7759,9	0,935	14,15	13,903	24	35	34,3	62
28/02/2020	Singapore	96	62	30,2	57714	5,612	7759,9	0,935	14,15	13,903	24	36	34,3	72
29/02/2020	Singapore	98	72	30,2	57714	5,612	7759,9	0,935	14,15	13,903	24	37	34,3	72
01/03/2020	Singapore	102	72	30,6	57714	5,612	7759,9	0,935	14,15	13,903	24	38	34,3	78
02/03/2020	Singapore	106	78	30,6	57714	5,612	7759,9	0,935	14,15	13,903	24	39	34,3	78
03/03/2020	Singapore	108	78	30,6	57714	5,612	7759,9	0,935	14,15	13,903	24	40	34,3	78
04/03/2020	Singapore	110	78	30,6	57714	5,612	7759,9	0,935	14,15	13,903	24	41	34,3	78
05/03/2020	Singapore	112	78	30,6	57714	5,612	7759,9	0,935	14,15	13,903	24	42	34,3	78
06/03/2020	Singapore	117	78	30,6	57714	5,612	7759,9	0,935	14,15	13,903	24	43	34,3	78
07/03/2020	Singapore	130	78	30,6	57714	5,612	7759,9	0,935	14,15	13,903	24	44	34,3	78
08/03/2020	Singapore	138	78	30,6	57714	5,612	7759,9	0,935	14,15	13,903	24	45	34,3	78
09/03/2020	Singapore	150	78	30,6	57714	5,612	7759,9	0,935	14,15	13,903	24	46	34,3	78
10/03/2020	Singapore	160	78	30,6	57714	5,612	7759,9	0,935	14,15	13,903	24	47	34,3	96
11/03/2020	Singapore	166	96	30,6	57714	5,612	7759,9	0,935	14,15	13,903	24	48	34,3	96
12/03/2020	Singapore	178	96	30,6	57714	5,612	7759,9	0,935	14,15	13,903	24	49	34,3	97
13/03/2020	Singapore	187	97	30,6	57714	5,612	7759,9	0,935	14,15	13,903	24	50	34,3	105
14/03/2020	Singapore	200	105	30,6	57714	5,612	7759,9	0,935	14,15	13,903	24	51	34,3	105
15/03/2020	Singapore	214	105	30,6	57714	5,612	7759,9	0,935	14,15	13,903	24	52	34,3	109
16/03/2020	Singapore	226	109	30,6	57714	5,612	7759,9	0,935	14,15	13,903	24	53	34,3	114
17/03/2020	Singapore	243	114	30,6	57714	5,612	7759,9	0,935	14,15	13,903	24	54	34,3	114
18/03/2020	Singapore	266	114	30,6	57714	5,612	7759,9	0,935	14,15	13,903	24	55	34,3	114
19/03/2020	Singapore	313	114	30,6	57714	5,612	7759,9	0,935	14,15	13,903	24	56	34,3	124
01/02/2020	Spain	1	0	12	28156	46,66	93	0,893	14,5	81,786	30	1	42,3	0
02/02/2020	Spain	1	0	12	28156	46,66	93	0,893	14,5	81,786	30	2	42,3	0
03/02/2020	Spain	1	0	12	28156	46,66	93	0,893	14,5	81,786	30	3	42,3	0
04/02/2020	Spain	1	0	12	28156	46,66	93	0,893	14,5	81,786	30	4	42,3	0
05/02/2020	Spain	1	0	12	28156	46,66	93	0,893	14,5	81,786	30	5	42,3	0
06/02/2020	Spain	1	0	12	28156	46,66	93	0,893	14,5	81,786	30	6	42,3	0
07/02/2020	Spain	1	0	12	28156	46,66	93	0,893	14,5	81,786	30	7	42,3	0
08/02/2020	Spain	1	0	12	28156	46,66	93	0,893	14,5	81,786	30	8	42,3	0
09/02/2020	Spain	1	0	12	28156	46,66	93	0,893	14,5	81,786	30	9	42,3	0
10/02/2020	Spain	2	0	12	28156	46,66	93	0,893	14,5	81,786	30	10	42,3	0
11/02/2020	Spain	2	0	12	28156	46,66	93	0,893	14,5	81,786	30	11	42,3	0
12/02/2020	Spain	2	0	12	28156	46,66	93	0,893	14,5	81,786	30	12	42,3	0
13/02/2020	Spain	2	0	12	28156	46,66	93	0,893	14,5	81,786	30	13	42,3	0
14/02/2020	Spain	2	0	12	28156	46,66	93	0,893	14,5	81,786	30	14	42,3	2
15/02/2020	Spain	2	2	12	28156	46,66	93	0,893	14,5	81,786	30	15	42,3	2
16/02/2020	Spain	2	2	12	28156	46,66	93	0,893	14,5	81,786	30	16	42,3	2
17/02/2020	Spain	2	2	12	28156	46,66	93	0,893	14,5	81,786	30	17	42,3	2
18/02/2020	Spain	2	2	12	28156	46,66	93	0,893	14,5	81,786	30	18	42,3	2
19/02/2020	Spain	2	2	12	28156	46,66	93	0,893	14,5	81,786	30	19	42,3	2
20/02/2020	Spain	2	2	12	28156	46,66	93	0,893	14,5	81,786	30	20	42,3	2
21/02/2020	Spain	2	2	12	28156	46,66	93	0,893	14,5	81,786	30	21	42,3	2
22/02/2020	Spain	2	2	12	28156	46,66	93	0,893	14,5	81,786	30	22	42,3	2
23/02/2020	Spain	2	2	12	28156	46,66	93	0,893	14,5	81,786	30	23	42,3	2
24/02/2020	Spain	2	2	12	28156	46,66	93	0,893	14,5	81,786	30	24	42,3	2
25/02/2020	Spain	3	2	12	28156	46,66	93	0,893	14,5	81,786	30	25	42,3	2
26/02/2020	Spain	7	2	12	28156	46,66	93	0,893	14,5	81,786	30	26	42,3	2
27/02/2020	Spain	12	2	12	28156	46,66	93	0,893	14,5	81,786	30	27	42,3	2
28/02/2020	Spain	25	2	12	28156	46,66	93	0,893	14,5	81,786	30	28	42,3	2
29/02/2020	Spain	34	2	12	28156	46,66	93	0,893	14,5	81,786	30	29	42,3	2
01/03/2020	Spain	66	2	16,3	28156	46,66	93	0,893	14,5	81,786	30	30	42,3	2
02/03/2020	Spain	83	2	16,3	28156	46,66	93	0,893	14,5	81,786	30	31	42,3	2
03/03/2020	Spain	114	2	16,3	28156	46,66	93	0,893	14,5	81,786	30	32	42,3	2
04/03/2020	Spain	151	2	16,3	28156	46,66	93	0,893	14,5	81,786	30	33	42,3	2
05/03/2020	Spain	200	2	16,3	28156	46,66	93	0,893	14,5	81,786	30	34	42,3	2
06/03/2020	Spain	261	2	16,3	28156	46,66	93	0,893	14,5	81,786	30	35	42,3	30
07/03/2020	Spain	374	30	16,3	28156	46,66	93	0,893	14,5	81,786	30	36	42,3	30
08/03/2020	Spain	430	30	16,3	28156	46,66	93	0,893	14,5	81,786	30	37	42,3	32
09/03/2020	Spain	589	32	16,3	28156	46,66	93	0,893	14,5	81,786	30	38	42,3	32
10/03/2020	Spain	1204	32	16,3	28156	46,66	93	0,893	14,5	81,786	30	39	42,3	183
11/03/2020	Spain	1639	183	16,3	28156	46,66	93	0,893	14,5	81,786	30	40	42,3	183
12/03/2020	Spain	2140	183	16,3	28156	46,66	93	0,893	14,5	81,786	30	41	42,3	193
13/03/2020	Spain	3004	193	16,3	28156	46,66	93	0,893	14,5	81,786	30	42	42,3	517
14/03/2020	Spain	4231	517	16,3	28156	46,66	93	0,893	14,5	81,786	30	43	42,3	517
15/03/2020	Spain	5753	517	16,3	28156	46,66	93	0,893	14,5	81,786	30	44	42,3	530
16/03/2020	Spain	7753	530	16,3	28156	46,66	93	0,893	14,5	81,786	30	45	42,3	1028
17/03/2020	Spain	9191	1028	16,3	28156	46,66	93	0,893	14,5	81,786	30	46	42,3	1081
18/03/2020	Spain	11178	1081	16,3	28156	46,66	93	0,893	14,5	81,786	30	47	42,3	1107
19/03/2020	Spain	13716	1107	16,3	28156	46,66	93	0,893	14,5	81,786	30	48	42,3	1588
22/01/2020	Thailand	3	0	32,5	6593	69,04	135,4	0,765	13,28	35,592	21	6	37,2	0
23/01/2020	Thailand	3	0	32,5	6593	69,04	135,4	0,765	13,28	35,592	21	7	37,2	0
24/01/2020	Thailand	3	0	32,5	6593	69,04	135,4	0,765	13,28	35,592	21	8	37,2	0
25/01/2020	Thailand	4	0	32,5	6593	69,04	135,4	0,765	13,28	35,592	21	9	37,2	2
26/01/2020	Thailand	4	2	32,5	6593	69,04	135,4	0,765	13,28	35,592	21	10	37,2	2
27/01/2020	Thailand	7	2	32,5	6593	69,04	135,4	0,765	13,28	35,592	21	11	37,2	5
28/01/2020	Thailand	13	5	32,5	6593	69,04	135,4	0,765	13,28	35,592	21	12	37,2	5
29/01/2020	Thailand	13	5	32,5	6593	69,04	135,4	0,765	13,28	35,592	21	13	37,2	5
30/01/2020	Thailand	13	5	32,5	6593	69,04	135,4	0,765	13,28	35,592	21	14	37,2	5
31/01/2020	Thailand	13	5	32,5	6593	69,04	135,4	0,765	13,28	35,592	21	15	37,2	5
01/02/2020	Thailand	18	5	33,3	6593	69,04	135,4	0,765	13,28	35,592	21	16	37,2	5
02/02/2020	Thailand	18	5	33,3	6593	69,04	135,4	0,765	13,28	35,592	21	17	37,2	5
03/02/2020	Thailand	18	5	33,3	6593	69,04	135,4	0,765	13,28	35,592	21	18	37,2	5
04/02/2020	Thailand	18	5	33,3	6593	69,04	135,4	0,765	13,28	35,592	21	19	37,2	5
05/02/2020	Thailand	24	5	33,3	6593	69,04	135,4	0,765	13,28	35,592	21	20	37,2	5
06/02/2020	Thailand	24	5	33,3	6593	69,04	135,4	0,765	13,28	35,592	21	21	37,2	5
07/02/2020	Thailand	24	5	33,3	6593	69,04	135,4	0,765	13,28	35,592	21	22	37,2	10
08/02/2020	Thailand	31	10	33,3	6593	69,04	135,4	0,765	13,28	35,592	21	23	37,2	10
09/02/2020	Thailand	31	10	33,3	6593	69,04	135,4	0,765	13,28	35,592	21	24	37,2	10
10/02/2020	Thailand	31	10	33,3	6593	69,04	135,4	0,765	13,28	35,592	21	25	37,2	10
11/02/2020	Thailand	31	10	33,3	6593	69,04	135,4	0,765	13,28	35,592	21	26	37,2	10
12/02/2020	Thailand	32	10	33,3	6593	69,04	135,4	0,765	13,28	35,592	21	27	37,2	12
13/02/2020	Thailand	32	12	33,3	6593	69,04	135,4	0,765	13,28	35,592	21	28	37,2	12
14/02/2020	Thailand	32	12	33,3	6593	69,04	135,4	0,765	13,28	35,592	21	29	37,2	12
15/02/2020	Thailand	33	12	33,3	6593	69,04	135,4	0,765	13,28	35,592	21	30	37,2	14
16/02/2020	Thailand	33	14	33,3	6593	69,04	135,4	0,765	13,28	35,592	21	31	37,2	15
17/02/2020	Thailand	33	15	33,3	6593	69,04	135,4	0,765	13,28	35,592	21	32	37,2	15
18/02/2020	Thailand	34	15	33,3	6593	69,04	135,4	0,765	13,28	35,592	21	33	37,2	15
19/02/2020	Thailand	34	15	33,3	6593	69,04	135,4	0,765	13,28	35,592	21	34	37,2	15
20/02/2020	Thailand	34	15	33,3	6593	69,04	135,4	0,765	13,28	35,592	21	35	37,2	17
21/02/2020	Thailand	34	17	33,3	6593	69,04	135,4	0,765	13,28	35,592	21	36	37,2	17
22/02/2020	Thailand	34	17	33,3	6593	69,04	135,4	0,765	13,28	35,592	21	37	37,2	21
23/02/2020	Thailand	34	21	33,3	6593	69,04	135,4	0,765	13,28	35,592	21	38	37,2	21
24/02/2020	Thailand	34	21	33,3	6593	69,04	135,4	0,765	13,28	35,592	21	39	37,2	22
25/02/2020	Thailand	36	22	33,3	6593	69,04	135,4	0,765	13,28	35,592	21	40	37,2	22
26/02/2020	Thailand	39	22	33,3	6593	69,04	135,4	0,765	13,28	35,592	21	41	37,2	22
27/02/2020	Thailand	39	22	33,3	6593	69,04	135,4	0,765	13,28	35,592	21	42	37,2	28
28/02/2020	Thailand	39	28	33,3	6593	69,04	135,4	0,765	13,28	35,592	21	43	37,2	28
29/02/2020	Thailand	41	28	33,3	6593	69,04	135,4	0,765	13,28	35,592	21	44	37,2	28
01/03/2020	Thailand	41	28	34,3	6593	69,04	135,4	0,765	13,28	35,592	21	45	37,2	31
02/03/2020	Thailand	42	31	34,3	6593	69,04	135,4	0,765	13,28	35,592	21	46	37,2	31
03/03/2020	Thailand	42	31	34,3	6593	69,04	135,4	0,765	13,28	35,592	21	47	37,2	31
04/03/2020	Thailand	42	31	34,3	6593	69,04	135,4	0,765	13,28	35,592	21	48	37,2	31
05/03/2020	Thailand	46	31	34,3	6593	69,04	135,4	0,765	13,28	35,592	21	49	37,2	31
06/03/2020	Thailand	46	31	34,3	6593	69,04	135,4	0,765	13,28	35,592	21	50	37,2	31
07/03/2020	Thailand	49	31	34,3	6593	69,04	135,4	0,765	13,28	35,592	21	51	37,2	31
08/03/2020	Thailand	49	31	34,3	6593	69,04	135,4	0,765	13,28	35,592	21	52	37,2	31
09/03/2020	Thailand	49	31	34,3	6593	69,04	135,4	0,765	13,28	35,592	21	53	37,2	33
10/03/2020	Thailand	49	33	34,3	6593	69,04	135,4	0,765	13,28	35,592	21	54	37,2	34
11/03/2020	Thailand	58	34	34,3	6593	69,04	135,4	0,765	13,28	35,592	21	55	37,2	34
12/03/2020	Thailand	69	34	34,3	6593	69,04	135,4	0,765	13,28	35,592	21	56	37,2	35
13/03/2020	Thailand	69	35	34,3	6593	69,04	135,4	0,765	13,28	35,592	21	57	37,2	35
14/03/2020	Thailand	81	35	34,3	6593	69,04	135,4	0,765	13,28	35,592	21	58	37,2	35
15/03/2020	Thailand	81	35	34,3	6593	69,04	135,4	0,765	13,28	35,592	21	59	37,2	35
16/03/2020	Thailand	113	35	34,3	6593	69,04	135,4	0,765	13,28	35,592	21	60	37,2	41
17/03/2020	Thailand	176	41	34,3	6593	69,04	135,4	0,765	13,28	35,592	21	61	37,2	42
18/03/2020	Thailand	176	42	34,3	6593	69,04	135,4	0,765	13,28	35,592	21	62	37,2	42
19/03/2020	Thailand	176	42	34,3	6593	69,04	135,4	0,765	13,28	35,592	21	63	37,2	42
